[37m/* * * * * * * * * * * * * * * * * * * * * * * * * * * * * * * * * * * * * * * * * * * * * * * * */
[37m					Automatic Seed Generator for RPR fault (MTTG)     
[37m/* * * * * * * * * * * * * * * * * * * * * * * * * * * * * * * * * * * * * * * * * * * * * * * * */

[33m	completion of setup options... 
[33m	completion of read the netlists... 
[33m	completion of initialize the global variables... 
[33m	completion of read the files... 
[33m	completion of create the lfsr model... 
[37m
	reading necessary infomation ... 
[37m|----+----|----+----|----+----|----+----|----+----|
[37m*[37m*[37m*[37m*[37m*[37m*[37m*[37m*[37m*[37m*[37m*[37m*[37m*[37m*[37m*[37m*[37m*[37m*[37m*[37m*[37m*[37m*[37m*[37m*[37m*[37m*[37m*[37m*[37m*[37m*[37m*[37m*[37m*[37m*[37m*[37m*[37m*[37m*[37m*[37m*[37m*[37m*[37m*[37m*[37m*[37m*[37m*[37m*[37m*[37m*[33m
	completion of create necessary-net generation... 

[37m
	generating graph ... 
[37m|----+----|----+----|----+----|----+----|----+----|
[37m*[37m*[37m*[37m*[37m*[37m*[37m*[37m*[37m*[37m*[37m*[37m*[37m*[37m*[37m*[37m*[37m*[37m*[37m*[37m*[37m*[37m*[37m*[37m*[37m*[37m*[37m*[37m*[37m*[37m*[37m*[37m*[37m*[37m*[37m*[37m*[37m*[37m*[37m*[37m*[37m*[37m*[37m*[37m*[37m*[37m*[37m*[37m*[37m*[37m*[33m
	Making Graph CPU timeÅF	28596.906[s]
[33m
	completion of compatible graph generation... 

0	4358	782
1	4313	750
2	4308	748
3	4207	730
4	4175	700
5	4118	670
6	4047	612
7	3992	608
8	3951	606
9	3840	642
10	3743	629
11	3698	680
12	3682	674
13	3657	660
14	3622	638
15	3618	634
16	3613	629
17	3571	640
18	3511	605
19	3433	566
20	3397	551
21	3350	507
22	3322	504
23	3296	456
24	3271	442
25	3251	441
26	3217	467
27	3196	483
28	3164	473
29	3129	481
30	3115	478
31	3066	466
32	2998	468
33	2991	469
34	2964	486
35	2936	467
36	2925	460
37	2882	452
38	2844	445
39	2807	435
40	2786	442
41	2754	434
42	2727	452
43	2712	443
44	2695	447
45	2689	444
46	2684	442
47	2656	432
48	2623	429
49	2614	428
50	2579	418
51	2550	410
52	2528	405
53	2511	402
54	2488	398
55	2484	397
56	2475	408
57	2471	407
58	2467	407
59	2464	406
60	2453	400
61	2452	402
62	2448	400
63	2442	398
64	2428	401
65	2421	396
66	2414	391
67	2409	391
68	2405	389
69	2400	388
70	2394	392
71	2383	389
72	2378	389
73	2373	389
74	2368	390
75	2363	390
76	2359	389
77	2351	383
78	2342	379
79	2339	379
80	2335	378
81	2333	378
82	2319	385
83	2315	384
84	2309	382
85	2303	383
86	2299	383
87	2294	384
88	2283	384
89	2271	380
90	2266	377
91	2262	376
92	2259	374
93	2255	371
94	2253	371
95	2245	371
96	2239	376
97	2235	376
98	2226	380
99	2224	380
100	2219	378
101	2215	376
102	2210	376
103	2205	374
104	2199	377
105	2196	377
106	2190	373
107	2181	368
108	2178	368
109	2174	369
110	2171	367
111	2168	367
112	2164	366
113	2159	365
114	2156	363
115	2152	362
116	2135	358
117	2131	357
118	2126	357
119	2121	357
120	2116	367
121	2113	367
122	2110	367
123	2106	365
124	2100	361
125	2097	360
126	2094	360
127	2091	360
128	2087	359
129	2083	359
130	2080	358
131	2077	360
132	2074	359
133	2071	359
134	2068	359
135	2063	359
136	2060	358
137	2057	359
138	2055	357
139	2052	357
140	2048	358
141	2045	358
142	2042	358
143	2039	359
144	2026	357
145	2022	357
146	2019	358
147	2006	352
148	2003	353
149	2000	353
150	1997	351
151	1993	350
152	1989	350
153	1980	345
154	1977	346
155	1974	345
156	1970	346
157	1965	344
158	1962	342
159	1958	340
160	1955	341
161	1952	341
162	1947	340
163	1944	339
164	1939	339
165	1935	336
166	1932	336
167	1929	336
168	1926	335
169	1922	317
170	1919	316
171	1916	316
172	1913	316
173	1904	313
174	1899	314
175	1893	313
176	1889	311
177	1884	307
178	1881	305
179	1878	304
180	1876	302
181	1870	289
182	1865	289
183	1862	289
184	1858	288
185	1856	286
186	1853	286
187	1845	268
188	1842	271
189	1833	277
190	1829	278
191	1826	280
192	1824	278
193	1821	279
194	1818	279
195	1811	273
196	1806	273
197	1803	272
198	1800	273
199	1798	272
200	1791	278
201	1788	279
202	1784	277
203	1781	276
204	1778	276
205	1775	276
206	1771	275
207	1768	274
208	1765	273
209	1755	277
210	1752	278
211	1749	276
212	1746	277
213	1743	277
214	1740	277
215	1737	280
216	1734	278
217	1731	276
218	1729	274
219	1727	272
220	1724	273
221	1721	275
222	1716	275
223	1714	273
224	1708	271
225	1707	270
226	1705	268
227	1700	270
228	1698	269
229	1676	263
230	1674	261
231	1660	258
232	1655	257
233	1652	255
234	1645	258
235	1631	254
236	1628	254
237	1625	253
238	1620	249
239	1612	242
240	1610	242
241	1609	242
242	1608	242
243	1607	242
244	1606	242
245	1605	242
246	1603	242
247	1602	242
248	1601	242
249	1600	242
250	1594	244
251	1593	244
252	1592	244
253	1591	244
254	1581	249
255	1579	248
256	1577	248
257	1575	248
258	1574	248
259	1571	248
260	1568	248
261	1557	247
262	1556	247
263	1555	247
264	1554	247
265	1553	247
266	1552	247
267	1551	247
268	1550	247
269	1544	242
270	1540	240
271	1533	249
272	1530	247
273	1529	247
274	1526	247
275	1522	244
276	1518	248
277	1517	248
278	1515	249
279	1512	247
280	1511	247
281	1508	246
282	1506	244
283	1502	241
284	1500	243
285	1499	243
286	1494	263
287	1493	263
288	1492	263
289	1484	263
290	1483	263
291	1482	263
292	1479	263
293	1474	265
294	1473	265
295	1470	274
296	1469	274
297	1464	274
298	1461	273
299	1458	273
300	1457	273
301	1456	273
302	1455	273
303	1449	269
304	1448	269
305	1447	269
306	1446	268
307	1444	268
308	1441	267
309	1439	267
310	1435	267
311	1433	265
312	1423	271
313	1416	269
314	1411	265
315	1409	264
316	1407	264
317	1403	264
318	1402	264
319	1400	262
320	1398	262
321	1396	262
322	1394	262
323	1386	258
324	1385	253
325	1383	253
326	1380	252
327	1376	251
328	1375	251
329	1374	251
330	1371	249
331	1369	249
332	1368	249
333	1366	248
334	1363	245
335	1359	243
336	1353	247
337	1348	249
338	1347	249
339	1342	247
340	1341	247
341	1336	251
342	1335	251
343	1334	251
344	1331	249
345	1321	246
346	1320	246
347	1318	257
348	1315	258
349	1307	267
350	1303	267
351	1302	269
352	1300	267
353	1298	266
354	1295	266
355	1293	265
356	1290	264
357	1285	262
358	1279	262
359	1272	259
360	1271	262
361	1270	262
362	1268	263
363	1267	262
364	1265	247
365	1259	247
366	1257	246
367	1255	248
368	1253	262
369	1251	249
370	1248	248
371	1246	249
372	1244	251
373	1242	252
374	1240	251
375	1238	249
376	1236	248
377	1234	249
378	1230	252
379	1228	250
380	1215	248
381	1213	250
382	1211	251
383	1209	252
384	1207	250
385	1199	246
386	1196	245
387	1194	245
388	1192	246
389	1184	244
390	1182	244
391	1180	245
392	1173	242
393	1171	244
394	1169	245
395	1167	244
396	1165	244
397	1163	244
398	1159	243
399	1157	241
400	1155	240
401	1148	240
402	1146	242
403	1138	238
404	1125	240
405	1122	237
406	1120	235
407	1116	234
408	1114	234
409	1112	233
410	1110	233
411	1106	233
412	1104	233
413	1102	233
414	1100	235
415	1097	234
416	1093	230
417	1091	228
418	1089	229
419	1087	219
420	1082	218
421	1078	213
422	1077	212
423	1075	214
424	1069	212
425	1068	212
426	1066	212
427	1064	190
428	1059	185
429	1056	185
430	1054	184
431	1041	178
432	1037	173
433	1029	168
434	1027	166
435	1026	166
436	1024	166
437	1021	160
438	1017	163
439	1011	158
440	1007	155
441	1005	155
442	1002	155
443	997	154
444	993	150
445	987	176
446	985	193
447	981	177
448	978	192
449	976	194
450	972	203
451	970	188
452	965	187
453	963	201
454	960	215
455	955	213
456	954	212
457	953	211
458	949	209
459	948	208
460	943	204
461	939	201
462	938	198
463	932	195
464	927	192
465	920	189
466	913	191
467	905	185
468	900	184
469	891	182
470	887	180
471	880	174
472	874	169
473	870	174
474	867	172
475	862	169
476	858	168
477	856	166
478	838	157
479	834	163
480	822	155
481	819	153
482	816	150
483	812	133
484	809	131
485	804	104
486	799	101
487	798	103
488	790	97
489	784	85
490	780	83
491	774	79
492	769	79
493	763	123
494	758	123
495	753	122
496	749	112
497	743	108
498	738	105
499	733	104
500	730	123
501	728	122
502	719	116
503	714	113
504	710	116
505	708	115
506	700	112
507	695	110
508	690	108
509	683	107
510	674	102
511	668	101
512	663	99
513	660	101
514	658	101
515	656	99
516	651	97
517	648	95
518	646	93
519	644	91
520	638	82
521	635	81
522	633	79
523	631	60
524	626	57
525	624	74
526	623	73
527	617	69
528	614	66
529	612	50
530	609	47
531	605	44
532	600	46
533	599	45
534	592	41
535	591	40
536	589	53
537	585	41
538	582	42
539	571	43
540	570	53
541	568	43
542	567	42
543	564	49
544	562	48
545	558	45
546	556	38
547	554	37
548	553	36
549	550	39
550	546	37
551	544	42
552	540	41
553	537	42
554	535	39
555	532	40
556	529	38
557	526	39
558	523	39
559	520	37
560	517	37
561	514	36
562	511	36
563	510	36
564	508	35
565	507	38
566	505	36
567	502	32
568	500	30
569	497	30
570	494	28
571	491	35
572	487	33
573	483	31
574	481	31
575	479	32
576	478	32
577	475	32
578	474	32
579	472	31
580	470	40
581	459	30
582	456	29
583	454	30
584	451	28
585	450	31
586	448	29
587	447	29
588	445	28
589	444	30
590	441	28
591	440	28
592	437	29
593	434	27
594	433	27
595	432	28
596	428	29
597	426	28
598	425	28
599	418	38
600	416	26
601	411	34
602	404	27
603	397	23
604	393	41
605	388	41
606	385	56
607	382	35
608	379	41
609	376	39
610	372	36
611	368	37
612	363	51
613	360	49
614	359	49
615	358	49
616	355	31
617	350	29
618	348	29
619	345	42
620	343	42
621	340	31
622	334	29
623	330	37
624	329	36
625	326	34
626	323	32
627	322	31
628	318	18
629	317	19
630	315	29
631	311	27
632	309	27
633	307	26
634	305	26
635	304	17
636	301	24
637	293	293
638	291	291
639	285	285
640	283	283
641	278	278
[33m	resolving solution 1...
642	276	276
[33m	resolving solution 1...
643	273	273
644	268	268
645	261	261
[33m	resolving solution 1...
646	258	258
647	257	257
648	254	254
649	251	251
[33m	resolving solution 1...
650	249	249
651	242	242
652	239	239
653	238	238
654	237	237
655	235	235
656	232	232
657	225	225
[33m	resolving solution 1...
658	223	223
659	222	222
660	221	221
661	219	219
662	213	213
663	211	211
664	209	209
665	207	207
666	202	202
667	200	200
668	198	198
669	196	196
670	194	194
671	192	192
672	190	190
673	187	187
674	186	186
675	185	185
676	183	183
677	181	181
678	177	177
679	176	176
680	175	175
681	173	173
682	172	172
683	171	171
684	167	167
685	162	162
686	161	161
687	156	156
688	154	154
689	153	153
690	152	152
691	151	151
692	150	150
693	149	149
694	147	147
[33m	resolving solution 1...
695	146	146
696	145	145
697	144	144
698	143	143
699	121	121
700	120	120
701	118	118
702	117	117
703	116	116
704	115	115
705	110	110
706	109	109
707	105	105
708	101	101
709	100	100
710	99	99
711	96	96
712	95	95
713	94	94
714	93	93
715	92	92
716	90	90
717	88	88
718	87	87
719	86	86
720	85	85
721	83	83
722	82	82
723	80	80
724	78	78
725	77	77
726	76	76
727	75	75
728	74	74
729	73	73
730	72	72
731	71	71
732	70	70
733	69	69
734	67	67
735	66	66
736	65	65
737	64	64
738	60	60
739	56	56
740	55	55
741	54	54
742	50	50
743	46	46
744	39	39
745	38	38
746	34	34
747	33	33
748	31	31
749	30	30
750	29	29
751	28	28
752	27	27
753	24	24
754	23	23
755	22	22
756	21	21
757	20	20
758	19	19
759	17	17
760	16	16
761	15	15
762	14	14
763	13	13
764	12	12
765	11	11
766	9	9
767	8	8
768	6	6
769	5	5
770	4	4
771	3	3
772	2	2
773	1	1
[33mRuntimeÅF	44686.230[s]
[37m