p cnf 43 94
c --------------------------------------------------
c Good Circuit Constraints
c --------------------------------------------------
5 19 -9 0
-5 9 0
-19 9 0
20 21 -10 0
-20 10 0
-21 10 0
-9 -10 -11 0
9 11 0
10 11 0
-22 -3 12 0
22 -12 0
3 -12 0
7 2 13 0
-7 -13 0
-2 -13 0
8 14 0
-8 -14 0
6 23 15 0
-6 -15 0
-23 -15 0
4 11 16 0
-4 -16 0
-11 -16 0
24 25 17 0
-24 -17 0
-25 -17 0
27 18 0
-27 -18 0
-12 19 0
12 -19 0
-13 20 0
13 -20 0
-12 21 0
12 -21 0
-14 22 0
14 -22 0
-13 23 0
13 -23 0
-14 24 0
14 -24 0
-16 25 0
16 -25 0
-16 26 0
16 -26 0
-16 27 0
16 -27 0
c --------------------------------------------------
c Faulty Circuit Constraints
c --------------------------------------------------
4 38 -39 0
-4 39 0
-38 39 0
19 29 -30 0
-19 30 0
-29 30 0
-39 -30 -31 0
39 31 0
30 31 0
-28 -3 29 0
28 -29 0
3 -29 0
3 31 32 0
-3 -32 0
-31 -32 0
23 36 37 0
-23 -37 0
-36 -37 0
33 34 0
-33 -34 0
-28 38 0
28 -38 0
-28 29 0
28 -29 0
-16 -37 -40 0
-16 37 40 0
16 -37 40 0
16 37 -40 0
-17 -34 -41 0
-17 34 41 0
17 -34 41 0
17 34 -41 0
-25 -35 -42 0
-25 35 42 0
25 -35 42 0
25 35 -42 0
-40 43 0
-41 43 0
-42 43 0
40 41 42 -43 0
-21 0
27 0
-32 36 0
32 -36 0
-32 35 0
32 -35 0
-32 33 0
32 -33 0
0
