[37m/* * * * * * * * * * * * * * * * * * * * * * * * * * * * * * * * * * * * * * * * * * * * * * * * */
[37m					Automatic Seed Generator for RPR fault (MTTG)     
[37m/* * * * * * * * * * * * * * * * * * * * * * * * * * * * * * * * * * * * * * * * * * * * * * * * */

[33m	completion of setup options... 
[33m	completion of read the netlists... 
[33m	completion of initialize the global variables... 
[33m	completion of read the files... 
[33m	completion of create the lfsr model... 
[37m
	reading necessary infomation ... 
[37m|----+----|----+----|----+----|----+----|----+----|
[37m*[37m*[37m*[37m*[37m*[37m*[37m*[37m*[37m*[37m*[37m*[37m*[37m*[37m*[37m*[37m*[37m*[37m*[37m*[37m*[37m*[37m*[37m*[37m*[37m*[37m*[37m*[37m*[37m*[37m*[37m*[37m*[37m*[37m*[37m*[37m*[37m*[37m*[37m*[37m*[37m*[37m*[37m*[37m*[37m*[37m*[37m*[37m*[37m*[37m*[33m
	completion of create necessary-net generation... 

[37m
	generating graph ... 
[37m|----+----|----+----|----+----|----+----|----+----|
[37m*[37m*[37m*[37m*[37m*[37m*[37m*[37m*[37m*[37m*[37m*[37m*[37m*[37m*[37m*[37m*[37m*[37m*[37m*[37m*[37m*[37m*[37m*[37m*[37m*[37m*[37m*[37m*[37m*[37m*[37m*[37m*[37m*[37m*[37m*[37m*[37m*[37m*[37m*[37m*[37m*[37m*[37m*[37m*[37m*[37m*[37m*[37m*[37m*[37m*[33m
	Making Graph CPU timeÅF	10967.417[s]
[33m
	completion of compatible graph generation... 

0	3952	802
1	3905	769
2	3796	768
3	3782	760
4	3745	756
5	3728	747
6	3639	690
7	3584	667
8	3582	668
9	3530	666
10	3414	624
11	3362	617
12	3327	608
13	3248	587
14	3212	583
15	3170	547
16	3136	523
17	3095	502
18	3077	496
19	3037	488
20	2993	449
21	2954	431
22	2917	410
23	2885	399
24	2860	396
25	2805	374
26	2752	361
27	2746	358
28	2715	361
29	2670	340
30	2653	337
31	2619	329
32	2612	327
33	2581	320
34	2537	310
35	2517	304
36	2474	296
37	2439	309
38	2412	306
39	2396	303
40	2386	301
41	2381	310
42	2368	314
43	2355	312
44	2350	310
45	2324	300
46	2317	294
47	2308	291
48	2284	292
49	2276	289
50	2271	287
51	2252	287
52	2218	274
53	2214	273
54	2210	271
55	2185	291
56	2180	290
57	2163	280
58	2157	277
59	2143	272
60	2121	262
61	2115	265
62	2098	258
63	2083	255
64	2056	240
65	2046	236
66	2035	232
67	2029	231
68	2026	230
69	2024	230
70	2022	230
71	2018	228
72	2015	229
73	2013	229
74	2010	228
75	2006	227
76	1993	229
77	1987	231
78	1983	232
79	1974	226
80	1963	226
81	1953	225
82	1947	226
83	1946	225
84	1939	229
85	1935	227
86	1924	234
87	1917	236
88	1913	235
89	1891	249
90	1889	249
91	1881	264
92	1880	264
93	1859	270
94	1838	263
95	1817	256
96	1813	256
97	1798	261
98	1796	261
99	1794	261
100	1786	256
101	1782	250
102	1776	252
103	1763	250
104	1758	248
105	1753	246
106	1724	243
107	1702	247
108	1696	245
109	1689	238
110	1684	240
111	1678	238
112	1674	249
113	1671	253
114	1667	253
115	1664	253
116	1662	253
117	1652	249
118	1643	247
119	1640	248
120	1636	246
121	1631	248
122	1625	242
123	1619	247
124	1616	244
125	1610	244
126	1607	242
127	1605	242
128	1599	242
129	1593	242
130	1589	240
131	1582	236
132	1577	233
133	1573	233
134	1571	236
135	1566	236
136	1564	236
137	1561	235
138	1558	234
139	1557	234
140	1554	234
141	1550	235
142	1536	227
143	1533	227
144	1531	239
145	1527	239
146	1522	238
147	1519	237
148	1513	236
149	1511	237
150	1510	237
151	1509	237
152	1508	237
153	1501	233
154	1499	233
155	1496	232
156	1494	232
157	1492	231
158	1489	229
159	1477	230
160	1473	230
161	1459	232
162	1455	234
163	1446	235
164	1445	235
165	1444	235
166	1443	235
167	1442	235
168	1441	235
169	1440	235
170	1436	232
171	1434	233
172	1431	234
173	1430	233
174	1414	233
175	1410	231
176	1409	231
177	1396	226
178	1385	225
179	1381	222
180	1375	223
181	1368	225
182	1359	229
183	1349	225
184	1340	219
185	1337	222
186	1333	228
187	1332	228
188	1329	227
189	1323	225
190	1313	223
191	1308	222
192	1304	222
193	1298	219
194	1294	217
195	1288	221
196	1284	222
197	1280	222
198	1278	221
199	1273	218
200	1267	218
201	1246	216
202	1241	208
203	1233	207
204	1228	210
205	1223	208
206	1220	207
207	1213	194
208	1212	193
209	1209	193
210	1204	191
211	1197	189
212	1194	189
213	1186	188
214	1183	193
215	1179	191
216	1176	191
217	1171	190
218	1164	186
219	1158	184
220	1154	185
221	1149	185
222	1140	181
223	1135	178
224	1133	177
225	1130	177
226	1125	177
227	1121	175
228	1117	174
229	1113	181
230	1105	176
231	1100	174
232	1098	174
233	1094	175
234	1090	175
235	1086	176
236	1080	176
237	1077	177
238	1071	173
239	1067	173
240	1062	170
241	1056	168
242	1051	178
243	1046	173
244	1040	158
245	1037	168
246	1027	178
247	1023	166
248	1020	163
249	1016	160
250	1013	154
251	1010	156
252	1005	151
253	1001	137
254	996	132
255	994	130
256	986	158
257	984	165
258	979	165
259	971	163
260	968	162
261	961	159
262	956	159
263	951	156
264	946	155
265	942	166
266	937	163
267	935	160
268	930	159
269	927	158
270	924	159
271	919	133
272	910	122
273	908	125
274	905	126
275	902	127
276	899	124
277	894	121
278	891	122
279	889	122
280	886	119
281	881	118
282	875	122
283	874	123
284	865	116
285	862	125
286	860	125
287	853	130
288	847	126
289	842	131
290	839	132
291	835	130
292	832	131
293	827	114
294	823	116
295	818	114
296	812	129
297	807	128
298	805	128
299	801	127
300	798	127
301	795	110
302	790	111
303	786	109
304	783	108
305	778	106
306	776	105
307	774	108
308	771	98
309	764	98
310	761	97
311	759	103
312	758	102
313	755	120
314	750	118
315	748	118
316	745	116
317	743	113
318	740	110
319	736	109
320	733	103
321	731	106
322	728	104
323	726	104
324	723	103
325	719	105
326	715	105
327	711	106
328	709	104
329	707	105
330	703	105
331	699	114
332	696	115
333	691	120
334	685	117
335	682	118
336	679	132
337	677	127
338	674	130
339	670	131
340	666	124
341	662	108
342	659	108
343	654	110
344	649	106
345	645	103
346	642	93
347	640	81
348	635	90
349	634	103
350	631	100
351	626	111
352	623	96
353	621	93
354	616	108
355	615	107
356	612	108
357	610	107
358	607	107
359	603	108
360	601	100
361	599	101
362	597	108
363	593	114
364	592	115
365	590	114
366	583	108
367	580	108
368	576	104
369	572	106
370	567	107
371	565	105
372	563	103
373	561	101
374	558	99
375	555	96
376	552	85
377	549	64
378	546	64
379	543	64
380	541	62
381	539	98
382	537	97
383	535	81
384	533	99
385	521	101
386	496	78
387	491	60
388	488	67
389	485	66
390	481	66
391	478	75
392	474	75
393	473	74
394	470	71
395	467	51
396	465	51
397	464	50
398	462	48
399	459	67
400	455	38
401	451	36
402	448	34
403	445	31
404	441	31
405	437	27
406	434	26
407	431	24
408	430	24
409	427	60
410	416	50
411	414	49
412	411	46
413	409	47
414	406	46
415	403	25
416	401	15
417	398	13
418	396	12
419	392	19
420	389	26
421	386	23
422	385	23
423	383	40
424	380	37
425	377	33
426	374	32
427	372	30
428	370	30
429	366	29
430	363	28
431	360	26
432	358	28
433	354	26
434	352	24
435	350	32
436	346	27
437	343	28
438	337	25
439	334	12
440	331	10
441	328	21
442	324	22
443	322	9
444	319	22
445	316	23
446	308	19
447	304	19
448	300	18
449	297	297
450	288	288
451	283	283
452	280	280
453	279	279
454	272	272
455	271	271
456	268	268
457	266	266
458	264	264
459	259	259
460	258	258
461	257	257
[33m	resolving solution 1...
462	255	255
463	254	254
464	253	253
465	249	249
466	247	247
467	246	246
468	245	245
469	242	242
470	241	241
471	240	240
472	239	239
473	238	238
474	237	237
475	236	236
476	235	235
477	230	230
478	226	226
479	225	225
480	224	224
481	222	222
482	221	221
483	220	220
484	217	217
485	216	216
486	214	214
487	213	213
488	210	210
489	207	207
490	206	206
491	203	203
492	193	193
493	191	191
494	190	190
495	187	187
496	186	186
497	184	184
498	182	182
499	178	178
500	174	174
501	171	171
502	169	169
503	168	168
504	166	166
505	165	165
506	155	155
507	154	154
508	151	151
509	150	150
510	149	149
511	147	147
512	145	145
513	143	143
514	140	140
515	139	139
516	138	138
517	136	136
518	135	135
519	134	134
520	132	132
521	131	131
522	129	129
523	128	128
524	127	127
525	126	126
526	124	124
527	120	120
528	119	119
529	117	117
530	116	116
531	115	115
532	113	113
533	111	111
534	110	110
535	109	109
536	107	107
537	106	106
538	105	105
539	104	104
540	103	103
541	100	100
542	97	97
543	96	96
544	92	92
545	91	91
546	88	88
547	87	87
548	85	85
549	84	84
550	83	83
551	81	81
552	80	80
553	79	79
554	77	77
555	76	76
556	74	74
557	72	72
558	70	70
559	69	69
560	64	64
561	63	63
562	61	61
563	59	59
564	57	57
565	55	55
566	53	53
567	51	51
568	49	49
569	47	47
570	45	45
571	43	43
572	42	42
573	40	40
574	38	38
575	36	36
576	34	34
577	32	32
578	30	30
579	26	26
580	23	23
581	21	21
582	20	20
583	18	18
584	16	16
585	14	14
586	13	13
587	11	11
588	10	10
589	9	9
590	8	8
591	7	7
592	6	6
593	5	5
594	4	4
595	3	3
596	2	2
597	1	1
[33mRuntimeÅF	20103.826[s]
[37m