
0010110100000000000000000000000000000000000000000000000000010010000000000000000000000000000000001101
0010110100000000000000000000000000000000000000000000000000010010000000000000000000000000000000001101
1010011000000000000000000000000000000000000000000000000000000100000000000000000000000000000000000100
0001101000000000000000000000000000000000000000000000000000000010000000000000000000000000000000001011
1101011000000000000000000000000000000000000000000000000000010010000000000000000000000000000000000001
0000000100000000000000000000000000000000000000000000000000010110000000000000000000000000000000001110
1000000000000000000000000000000000000000000000000000000000011100000000000000000000000000000000001011
1000000000000000000000000000000000000000000000000000000000011100000000000000000000000000000000001011
1000000000000000000000000000000000000000000000000000000000011100000000000000000000000000000000001011
0001011000000000000000000000000000000000000000000000000000000110000000000000000000000000000000000011
1011011100000000000000000000000000000000000000000000000000001000000000000000000000000000000000000001
0110111000000000000000000000000000000000000000000000000000011000000000000000000000000000000000001011
0110111000000000000000000000000000000000000000000000000000011000000000000000000000000000000000001011
0110111000000000000000000000000000000000000000000000000000011000000000000000000000000000000000001011
1100001000000000000000000000000000000000000000000000000000000100000000000000000000000000000000000100
1100001000000000000000000000000000000000000000000000000000000100000000000000000000000000000000000100
1101111100000000000000000000000000000000000000000000000000011010000000000000000000000000000000000100
1100100000000000000000000000000000000000000000000000000000010110000000000000000000000000000000000001
1100100000000000000000000000000000000000000000000000000000010110000000000000000000000000000000000001
1100100000000000000000000000000000000000000000000000000000010110000000000000000000000000000000000001
1100100000000000000000000000000000000000000000000000000000010110000000000000000000000000000000000001
1100100000000000000000000000000000000000000000000000000000010110000000000000000000000000000000000001
0001000000000000000000000000000000000000000000000000000000001000000000000000000000000000000000001110
0001000000000000000000000000000000000000000000000000000000001000000000000000000000000000000000001110
0001110100000000000000000000000000000000000000000000000000011100000000000000000000000000000000000100
0001110100000000000000000000000000000000000000000000000000011100000000000000000000000000000000000100
0001110100000000000000000000000000000000000000000000000000011100000000000000000000000000000000000100
0001110100000000000000000000000000000000000000000000000000011100000000000000000000000000000000000100
0001110100000000000000000000000000000000000000000000000000011100000000000000000000000000000000000100
0001110100000000000000000000000000000000000000000000000000011100000000000000000000000000000000000100
0010111000000000000000000000000000000000000000000000000000010010000000000000000000000000000000000011
0111100000000000000000000000000000000000000000000000000000000010000000000000000000000000000000000111
0111100000000000000000000000000000000000000000000000000000000010000000000000000000000000000000000111
0111100000000000000000000000000000000000000000000000000000000010000000000000000000000000000000000111
0111100000000000000000000000000000000000000000000000000000000010000000000000000000000000000000000111
0111100000000000000000000000000000000000000000000000000000000010000000000000000000000000000000000111
0100000100000000000000000000000000000000000000000000000000000100000000000000000000000000000000000100
0100000100000000000000000000000000000000000000000000000000000100000000000000000000000000000000000100
0100000100000000000000000000000000000000000000000000000000000100000000000000000000000000000000000100
0100000100000000000000000000000000000000000000000000000000000100000000000000000000000000000000000100
0100000100000000000000000000000000000000000000000000000000000100000000000000000000000000000000000100
0010111000000000000000000000000000000000000000000000000000010110000000000000000000000000000000001010
0010111000000000000000000000000000000000000000000000000000010110000000000000000000000000000000001010
0010111000000000000000000000000000000000000000000000000000010110000000000000000000000000000000001010
0010111000000000000000000000000000000000000000000000000000010110000000000000000000000000000000001010
0010111000000000000000000000000000000000000000000000000000010110000000000000000000000000000000001010
0010111000000000000000000000000000000000000000000000000000010110000000000000000000000000000000001010
0010111000000000000000000000000000000000000000000000000000010110000000000000000000000000000000001010
0010111000000000000000000000000000000000000000000000000000010110000000000000000000000000000000001010
0010111000000000000000000000000000000000000000000000000000010110000000000000000000000000000000001010
0010111000000000000000000000000000000000000000000000000000010110000000000000000000000000000000001010
0101001100000000000000000000000000000000000000000000000000011010000000000000000000000000000000001111
1101101100000000000000000000000000000000000000000000000000010010000000000000000000000000000000000011
1101101100000000000000000000000000000000000000000000000000010010000000000000000000000000000000000011
1101101100000000000000000000000000000000000000000000000000010010000000000000000000000000000000000011
0100011100000000000000000000000000000000000000000000000000010000000000000000000000000000000000000001
0100011100000000000000000000000000000000000000000000000000010000000000000000000000000000000000000001
0100011100000000000000000000000000000000000000000000000000010000000000000000000000000000000000000001
0100011100000000000000000000000000000000000000000000000000010000000000000000000000000000000000000001
0100011100000000000000000000000000000000000000000000000000010000000000000000000000000000000000000001
1100000100000000000000000000000000000000000000000000000000000010000000000000000000000000000000000111
1100000100000000000000000000000000000000000000000000000000000010000000000000000000000000000000000111
1100000100000000000000000000000000000000000000000000000000000010000000000000000000000000000000000111
1100000100000000000000000000000000000000000000000000000000000010000000000000000000000000000000000111
1100000100000000000000000000000000000000000000000000000000000010000000000000000000000000000000000111
1100000100000000000000000000000000000000000000000000000000000010000000000000000000000000000000000111
1100000100000000000000000000000000000000000000000000000000000010000000000000000000000000000000000111
1100000100000000000000000000000000000000000000000000000000000010000000000000000000000000000000000111
0000101100000000000000000000000000000000000000000000000000001100000000000000000000000000000000001100
0000101100000000000000000000000000000000000000000000000000001100000000000000000000000000000000001100
0000101100000000000000000000000000000000000000000000000000001100000000000000000000000000000000001100
0000101000000000000000000000000000000000000000000000000000011110000000000000000000000000000000001010
0000101000000000000000000000000000000000000000000000000000011110000000000000000000000000000000001010
0000101000000000000000000000000000000000000000000000000000011110000000000000000000000000000000001010
0000101000000000000000000000000000000000000000000000000000011110000000000000000000000000000000001010
0000101000000000000000000000000000000000000000000000000000011110000000000000000000000000000000001010
0000101000000000000000000000000000000000000000000000000000011110000000000000000000000000000000001010
0100011000000000000000000000000000000000000000000000000000000000000000000000000000000000000000001010
0100011000000000000000000000000000000000000000000000000000000000000000000000000000000000000000001010
0100011000000000000000000000000000000000000000000000000000000000000000000000000000000000000000001010
0100011000000000000000000000000000000000000000000000000000000000000000000000000000000000000000001010
0100011000000000000000000000000000000000000000000000000000000000000000000000000000000000000000001010
0100011000000000000000000000000000000000000000000000000000000000000000000000000000000000000000001010
0100011000000000000000000000000000000000000000000000000000000000000000000000000000000000000000001010
0100011000000000000000000000000000000000000000000000000000000000000000000000000000000000000000001010
0001000000000000000000000000000000000000000000000000000000000100000000000000000000000000000000000111
1011001100000000000000000000000000000000000000000000000000001000000000000000000000000000000000000010
1011001100000000000000000000000000000000000000000000000000001000000000000000000000000000000000000010
0011001100000000000000000000000000000000000000000000000000010000000000000000000000000000000000001011
0110000100000000000000000000000000000000000000000000000000010010000000000000000000000000000000001101
0110000100000000000000000000000000000000000000000000000000010010000000000000000000000000000000001101
0110000100000000000000000000000000000000000000000000000000010010000000000000000000000000000000001101
0110000100000000000000000000000000000000000000000000000000010010000000000000000000000000000000001101
0110000100000000000000000000000000000000000000000000000000010010000000000000000000000000000000001101
0110000100000000000000000000000000000000000000000000000000010010000000000000000000000000000000001101
0110000100000000000000000000000000000000000000000000000000010010000000000000000000000000000000001101
0110000100000000000000000000000000000000000000000000000000010010000000000000000000000000000000001101
0110000100000000000000000000000000000000000000000000000000010010000000000000000000000000000000001101
0110000100000000000000000000000000000000000000000000000000010010000000000000000000000000000000001101
0110000100000000000000000000000000000000000000000000000000010010000000000000000000000000000000001101
0110000100000000000000000000000000000000000000000000000000010010000000000000000000000000000000001101
1001011000000000000000000000000000000000000000000000000000001000000000000000000000000000000000000000
1001011000000000000000000000000000000000000000000000000000001000000000000000000000000000000000000000
1001011000000000000000000000000000000000000000000000000000001000000000000000000000000000000000000000
0100001100000000000000000000000000000000000000000000000000001010000000000000000000000000000000000001
0111001000000000000000000000000000000000000000000000000000001100000000000000000000000000000000000000
0111001000000000000000000000000000000000000000000000000000001100000000000000000000000000000000000000
0111001000000000000000000000000000000000000000000000000000001100000000000000000000000000000000000000
0111001000000000000000000000000000000000000000000000000000001100000000000000000000000000000000000000
0111001000000000000000000000000000000000000000000000000000001100000000000000000000000000000000000000
0111001000000000000000000000000000000000000000000000000000001100000000000000000000000000000000000000
0111001000000000000000000000000000000000000000000000000000001100000000000000000000000000000000000000
0111001000000000000000000000000000000000000000000000000000001100000000000000000000000000000000000000
0111001000000000000000000000000000000000000000000000000000001100000000000000000000000000000000000000
0111001000000000000000000000000000000000000000000000000000001100000000000000000000000000000000000000
0011001100000000000000000000000000000000000000000000000000000000000000000000000000000000000000000111
0011001100000000000000000000000000000000000000000000000000000000000000000000000000000000000000000111
0011001100000000000000000000000000000000000000000000000000000000000000000000000000000000000000000111
1001011100000000000000000000000000000000000000000000000000011110000000000000000000000000000000001001
1001011100000000000000000000000000000000000000000000000000011110000000000000000000000000000000001001
1001011100000000000000000000000000000000000000000000000000011110000000000000000000000000000000001001
1001011100000000000000000000000000000000000000000000000000011110000000000000000000000000000000001001
1001011100000000000000000000000000000000000000000000000000011110000000000000000000000000000000001001
1001011100000000000000000000000000000000000000000000000000011110000000000000000000000000000000001001
1001011100000000000000000000000000000000000000000000000000011110000000000000000000000000000000001001
0111011100000000000000000000000000000000000000000000000000011100000000000000000000000000000000000100
0111011100000000000000000000000000000000000000000000000000011100000000000000000000000000000000000100
0111011100000000000000000000000000000000000000000000000000011100000000000000000000000000000000000100
0111011100000000000000000000000000000000000000000000000000011100000000000000000000000000000000000100
0111011100000000000000000000000000000000000000000000000000011100000000000000000000000000000000000100
0111011100000000000000000000000000000000000000000000000000011100000000000000000000000000000000000100
0111011100000000000000000000000000000000000000000000000000011100000000000000000000000000000000000100
0111011100000000000000000000000000000000000000000000000000011100000000000000000000000000000000000100
0111011100000000000000000000000000000000000000000000000000011100000000000000000000000000000000000100
0111011100000000000000000000000000000000000000000000000000011100000000000000000000000000000000000100
0111011100000000000000000000000000000000000000000000000000011100000000000000000000000000000000000100
0111011100000000000000000000000000000000000000000000000000011100000000000000000000000000000000000100
0111011100000000000000000000000000000000000000000000000000011100000000000000000000000000000000000100
0111011100000000000000000000000000000000000000000000000000011100000000000000000000000000000000000100
0111011100000000000000000000000000000000000000000000000000011100000000000000000000000000000000000100
0111011100000000000000000000000000000000000000000000000000011100000000000000000000000000000000000100
0111011100000000000000000000000000000000000000000000000000011100000000000000000000000000000000000100
0111011100000000000000000000000000000000000000000000000000011100000000000000000000000000000000000100
0111011100000000000000000000000000000000000000000000000000011100000000000000000000000000000000000100
0111011100000000000000000000000000000000000000000000000000011100000000000000000000000000000000000100
0111011100000000000000000000000000000000000000000000000000011100000000000000000000000000000000000100
0111011100000000000000000000000000000000000000000000000000011100000000000000000000000000000000000100
0111011100000000000000000000000000000000000000000000000000011100000000000000000000000000000000000100
0111011100000000000000000000000000000000000000000000000000011100000000000000000000000000000000000100
1001110000000000000000000000000000000000000000000000000000010100000000000000000000000000000000000011
1001110000000000000000000000000000000000000000000000000000010100000000000000000000000000000000000011
1001110000000000000000000000000000000000000000000000000000010100000000000000000000000000000000000011
1001110000000000000000000000000000000000000000000000000000010100000000000000000000000000000000000011
1001110000000000000000000000000000000000000000000000000000010100000000000000000000000000000000000011
1001110000000000000000000000000000000000000000000000000000010100000000000000000000000000000000000011
1001110000000000000000000000000000000000000000000000000000010100000000000000000000000000000000000011
1010010000000000000000000000000000000000000000000000000000000000000000000000000000000000000000000110
1010010000000000000000000000000000000000000000000000000000000000000000000000000000000000000000000110
1010010000000000000000000000000000000000000000000000000000000000000000000000000000000000000000000110
1010010000000000000000000000000000000000000000000000000000000000000000000000000000000000000000000110
1010010000000000000000000000000000000000000000000000000000000000000000000000000000000000000000000110
1010010000000000000000000000000000000000000000000000000000000000000000000000000000000000000000000110
1010010000000000000000000000000000000000000000000000000000000000000000000000000000000000000000000110
1101110000000000000000000000000000000000000000000000000000000010000000000000000000000000000000000011
1101110000000000000000000000000000000000000000000000000000000010000000000000000000000000000000000011
1101110000000000000000000000000000000000000000000000000000000010000000000000000000000000000000000011
1101110000000000000000000000000000000000000000000000000000000010000000000000000000000000000000000011
1101110000000000000000000000000000000000000000000000000000000010000000000000000000000000000000000011
1101110000000000000000000000000000000000000000000000000000000010000000000000000000000000000000000011
1101110000000000000000000000000000000000000000000000000000000010000000000000000000000000000000000011
1101110000000000000000000000000000000000000000000000000000000010000000000000000000000000000000000011
1101110000000000000000000000000000000000000000000000000000000010000000000000000000000000000000000011
1101110000000000000000000000000000000000000000000000000000000010000000000000000000000000000000000011
1101110000000000000000000000000000000000000000000000000000000010000000000000000000000000000000000011
1101110000000000000000000000000000000000000000000000000000000010000000000000000000000000000000000011
1101110000000000000000000000000000000000000000000000000000000010000000000000000000000000000000000011
1101110000000000000000000000000000000000000000000000000000000010000000000000000000000000000000000011
1101110000000000000000000000000000000000000000000000000000000010000000000000000000000000000000000011
1101111000000000000000000000000000000000000000000000000000001100000000000000000000000000000000001001
1101111000000000000000000000000000000000000000000000000000001100000000000000000000000000000000001001
1101111000000000000000000000000000000000000000000000000000001100000000000000000000000000000000001001
1101111000000000000000000000000000000000000000000000000000001100000000000000000000000000000000001001
1101111000000000000000000000000000000000000000000000000000001100000000000000000000000000000000001001
1101111000000000000000000000000000000000000000000000000000010000000000000000000000000000000000000010
1000101000000000000000000000000000000000000000000000000000001010000000000000000000000000000000001111
1000101000000000000000000000000000000000000000000000000000001010000000000000000000000000000000001111
1000101000000000000000000000000000000000000000000000000000001010000000000000000000000000000000001111
1000101000000000000000000000000000000000000000000000000000001010000000000000000000000000000000001111
1000101000000000000000000000000000000000000000000000000000001010000000000000000000000000000000001111
1100101100000000000000000000000000000000000000000000000000011010000000000000000000000000000000001011
1100101100000000000000000000000000000000000000000000000000011010000000000000000000000000000000001011
0011001100000000000000000000000000000000000000000000000000010100000000000000000000000000000000001011
0110011100000000000000000000000000000000000000000000000000000100000000000000000000000000000000001000
0110011100000000000000000000000000000000000000000000000000000100000000000000000000000000000000001000
0110011100000000000000000000000000000000000000000000000000000100000000000000000000000000000000001000
0110011100000000000000000000000000000000000000000000000000000100000000000000000000000000000000001000
0110011100000000000000000000000000000000000000000000000000000100000000000000000000000000000000001000
0011110100000000000000000000000000000000000000000000000000001110000000000000000000000000000000001101
0011110100000000000000000000000000000000000000000000000000001110000000000000000000000000000000001101
0011110100000000000000000000000000000000000000000000000000001110000000000000000000000000000000001101
0011110100000000000000000000000000000000000000000000000000001110000000000000000000000000000000001101
0011110100000000000000000000000000000000000000000000000000001110000000000000000000000000000000001101
0011110100000000000000000000000000000000000000000000000000001110000000000000000000000000000000001101
0011110100000000000000000000000000000000000000000000000000001110000000000000000000000000000000001101
0011110100000000000000000000000000000000000000000000000000001110000000000000000000000000000000001101
0110001000000000000000000000000000000000000000000000000000001100000000000000000000000000000000000011
0110001000000000000000000000000000000000000000000000000000001100000000000000000000000000000000000011
0110001000000000000000000000000000000000000000000000000000001100000000000000000000000000000000000011
0110001000000000000000000000000000000000000000000000000000001100000000000000000000000000000000000011
0110001000000000000000000000000000000000000000000000000000001100000000000000000000000000000000000011
0110001000000000000000000000000000000000000000000000000000001100000000000000000000000000000000000011
0110001000000000000000000000000000000000000000000000000000001100000000000000000000000000000000000011
0110001000000000000000000000000000000000000000000000000000001100000000000000000000000000000000000011
0110001000000000000000000000000000000000000000000000000000001100000000000000000000000000000000000011
0110001000000000000000000000000000000000000000000000000000001100000000000000000000000000000000000011
0110001000000000000000000000000000000000000000000000000000001100000000000000000000000000000000000011
0111100000000000000000000000000000000000000000000000000000011100000000000000000000000000000000000100
0111100000000000000000000000000000000000000000000000000000011100000000000000000000000000000000000100
0111100000000000000000000000000000000000000000000000000000011100000000000000000000000000000000000100
0111100000000000000000000000000000000000000000000000000000011100000000000000000000000000000000000100
0111100000000000000000000000000000000000000000000000000000011100000000000000000000000000000000000100
0111100000000000000000000000000000000000000000000000000000011100000000000000000000000000000000000100
0111100000000000000000000000000000000000000000000000000000011100000000000000000000000000000000000100
0100111000000000000000000000000000000000000000000000000000000100000000000000000000000000000000000111
0100111000000000000000000000000000000000000000000000000000000100000000000000000000000000000000000111
0100111000000000000000000000000000000000000000000000000000000100000000000000000000000000000000000111
0100111000000000000000000000000000000000000000000000000000000100000000000000000000000000000000000111
0100111000000000000000000000000000000000000000000000000000000100000000000000000000000000000000000111
0100111000000000000000000000000000000000000000000000000000000100000000000000000000000000000000000111
0100111000000000000000000000000000000000000000000000000000000100000000000000000000000000000000000111
0100111000000000000000000000000000000000000000000000000000000100000000000000000000000000000000000111
0100111000000000000000000000000000000000000000000000000000000100000000000000000000000000000000000111
0100111000000000000000000000000000000000000000000000000000000100000000000000000000000000000000000111
0100111000000000000000000000000000000000000000000000000000000100000000000000000000000000000000000111
0100111000000000000000000000000000000000000000000000000000000100000000000000000000000000000000000111
1010110000000000000000000000000000000000000000000000000000001100000000000000000000000000000000001100
0111110000000000000000000000000000000000000000000000000000000000000000000000000000000000000000001010
0111110000000000000000000000000000000000000000000000000000000000000000000000000000000000000000001010
0111110000000000000000000000000000000000000000000000000000000000000000000000000000000000000000001010
0111110000000000000000000000000000000000000000000000000000000000000000000000000000000000000000001010
0111110000000000000000000000000000000000000000000000000000000000000000000000000000000000000000001010
0111110000000000000000000000000000000000000000000000000000000000000000000000000000000000000000001010
0111110000000000000000000000000000000000000000000000000000000000000000000000000000000000000000001010
0111110000000000000000000000000000000000000000000000000000000000000000000000000000000000000000001010
0111110000000000000000000000000000000000000000000000000000000000000000000000000000000000000000001010
0111110000000000000000000000000000000000000000000000000000000000000000000000000000000000000000001010
0111110000000000000000000000000000000000000000000000000000000000000000000000000000000000000000001010
0111110000000000000000000000000000000000000000000000000000000000000000000000000000000000000000001010
0111110000000000000000000000000000000000000000000000000000000000000000000000000000000000000000001010
0111110000000000000000000000000000000000000000000000000000000000000000000000000000000000000000001010
0111110000000000000000000000000000000000000000000000000000000000000000000000000000000000000000001010
0111110000000000000000000000000000000000000000000000000000000000000000000000000000000000000000001010
0111110000000000000000000000000000000000000000000000000000000000000000000000000000000000000000001010
0111110000000000000000000000000000000000000000000000000000000000000000000000000000000000000000001010
0111010000000000000000000000000000000000000000000000000000010100000000000000000000000000000000001100
0111010000000000000000000000000000000000000000000000000000010100000000000000000000000000000000001100
0111010000000000000000000000000000000000000000000000000000010100000000000000000000000000000000001100
0111010000000000000000000000000000000000000000000000000000010100000000000000000000000000000000001100
0111010000000000000000000000000000000000000000000000000000010100000000000000000000000000000000001100
1110101000000000000000000000000000000000000000000000000000011100000000000000000000000000000000000100
1110101000000000000000000000000000000000000000000000000000011100000000000000000000000000000000000100
1110101000000000000000000000000000000000000000000000000000011100000000000000000000000000000000000100
1101111000000000000000000000000000000000000000000000000000011010000000000000000000000000000000000100
1101111000000000000000000000000000000000000000000000000000011010000000000000000000000000000000000100
0111001100000000000000000000000000000000000000000000000000001010000000000000000000000000000000001111
0111001100000000000000000000000000000000000000000000000000001010000000000000000000000000000000001111
0111001100000000000000000000000000000000000000000000000000001010000000000000000000000000000000001111
0111001100000000000000000000000000000000000000000000000000001010000000000000000000000000000000001111
0111001100000000000000000000000000000000000000000000000000001010000000000000000000000000000000001111
0111001100000000000000000000000000000000000000000000000000001010000000000000000000000000000000001111
0111111000000000000000000000000000000000000000000000000000000000000000000000000000000000000000001001
0111111000000000000000000000000000000000000000000000000000000000000000000000000000000000000000001001
0111111000000000000000000000000000000000000000000000000000000000000000000000000000000000000000001001
0111111000000000000000000000000000000000000000000000000000000000000000000000000000000000000000001001
0111111000000000000000000000000000000000000000000000000000000000000000000000000000000000000000001001
0111111000000000000000000000000000000000000000000000000000000000000000000000000000000000000000001001
0111111000000000000000000000000000000000000000000000000000000000000000000000000000000000000000001001
0111111000000000000000000000000000000000000000000000000000000000000000000000000000000000000000001001
0111111000000000000000000000000000000000000000000000000000000000000000000000000000000000000000001001
0111111000000000000000000000000000000000000000000000000000000000000000000000000000000000000000001001
0111111000000000000000000000000000000000000000000000000000000000000000000000000000000000000000001001
0111111000000000000000000000000000000000000000000000000000000000000000000000000000000000000000001001
0111111000000000000000000000000000000000000000000000000000000000000000000000000000000000000000001001
0111111000000000000000000000000000000000000000000000000000000000000000000000000000000000000000001001
0111111000000000000000000000000000000000000000000000000000000000000000000000000000000000000000001001
0111111000000000000000000000000000000000000000000000000000000000000000000000000000000000000000001001
0111111000000000000000000000000000000000000000000000000000000000000000000000000000000000000000001001
0111111000000000000000000000000000000000000000000000000000000000000000000000000000000000000000001001
0111111000000000000000000000000000000000000000000000000000000000000000000000000000000000000000001001
0111111000000000000000000000000000000000000000000000000000000000000000000000000000000000000000001001
0111111000000000000000000000000000000000000000000000000000000000000000000000000000000000000000001001
