1010101100101011010010010100110110000001111000001001010100010100000111010100111001110010010001100001
0101100001111101000110100011001011011101001100011110001110001100000100110110010101100001110111001100
0001010100011001010001111000110010111111111011010000001010010001000000101101101010100001010011100001
0011111111111100001101101000000010111010010010010100111100100001001100000001111011010011001111111010
1001110011110100010110101110011011110010101110011011010100010101011001111100100110010000101100010001
1101100110011101001100010110100011000101111000100010111011000010100010000111000000010000001010111100
0101110101000100010110111101101010100000110101011101010110101111111111000010010101100111110001000110
0010100001111111010100001111010110010000010101110101000111010101110101110011000010111111011010000110
0010101010001000100100011101111101110010000111010111001001101101000110010110001100010100001110111011
1011011001101000100101000110100101111101001011000110110110110100001011011000110100001000110101000110
1001000000111100110000110100110110000101011101000101100111100101100111010010110011000011001100010111
0111110100100111101000111100011000001100000111101000000001010001101001011111111011011011100111001110
0011011010011000101111110011000000001101011101001001000111000101101100101111001011010000000000110001
0010010100111110101000101011110111001100011001001101001100001101010000101001010110110010000100100000
1100111100000111101111010101010010101011001011111010011011010100110000011100010000110010000011111011
1000001000100110100111001110001000010000011001111000011111011111000000010011000101110111011101101101
1001010011111100000110001101011000100101100100010110001101010100101011000000110011111000000111111010
0100000001101000000101111000011101101010101001000001001001011000101011110001010011100011000110010111
1010101100110001111011100000100111001111111100010101000100011101111100000110000000011001010011110011
0011010101011011001000101000001011110101000001110000010101110100010010101101000100100110001000110111
0010100110000001001000001000100011000001110000110000100111101011000011000000000110010110010010100101
1011011111011001111011001101010001011111011000110011001111110101101101111101011110001111111110110001
1110101000001000000101101010011010000110001010011001100011000101100001000001100011010111110000111001
1111001100000001110100100110100010100010100010001001001010110101010111001001000010111110001111011100
1010111011101111100011011111111110110111001010111100111111110010111001000110101011010001110010111111
0000000001000100110000000001010011100000000000010000000000000001001001000000000000000000101000000000
0010000000001100100000001001000001000010000000010000000000000001111010000000000000000000101100000000
0010000110000010000001000101001000110001000110100100000000000000011001010000001000000110010000000000
0100000010011010010111100100010100101101001000101010011110011111011111001001110101110101101111001110
0001001100000001101100100100000001000001111010010000000000100000000001111000000001000001001110000000
1110000000000010001000000000010000100001110010000000001000000000000010000000000100000000000100000000
0100000101011000100011001001100000010110001001000011011010001100010110000001000000000001001001001001
0001000100000010000000000100100001000000000000000000000000000001000011000000000000000000000000000000
0001111010010100101010000100011110001001001110000100010000100010010010010000100000000100000000010000
0010001000000000100000000000100010010000110010000000000000000000000011000000000000000000000000000000
1000000000000110010010001000101010010101000000011000100000010000001100001000100000000000010110000000
0010001000000001010000000100000111000001100000100000000000000001000110000000000100000000000100000000
1011110010101000101001011000110000100101001100101001000001100100010001100011110111011010110011100100
1110100100011011010000011001010111101100101000100011001000000001110110011001000001000100100000010001
1001100111011000101111001010000111010011010010011100001001100100111001000101011100100110111111000000
1111110101000000000000000001000011011110000110100000000001000000100101001011000011000000110010010000
0010000000000100111000000010101000010110100010110000001000000000000001000000000000000001000100000000
0010000111000100110000000000001000110000100000110010010000000011100110000000100000010100000000000000
1010000000000100001000000000000011110000100010000000000000000000000110000000000000100000100100000000
0000001000000000000100001001010000000010001000100001000000000011110010100000000000010000100010000101
0000000000001001100000000100011001011110101000110000000000000000000010000000010100001001000000000000
0000111100100011001100011010000100101100001111110011001000001000100000000001010011110100001100110101
1010010101110001010000011010101001101100001110010000100100000010110001001001001111100100001000100010
0011001101000110000001000010100000000110111110110000010000000010001111001000000011000010001110100000
0010000010000110000000001111100001010010100101100010010000010000111000000000100000000000001000000000
0110000000000100000000001001010010010011110000101000000000010000001001000000010100001010000000001000
0010000000000000011000000000001011000110100110110000001000000000101110000000000000000000001100000000
0010000000000001000000000100000101000000100000000000000000000000100110000000010000001000000000000000
0000001010000100001011001000001010100010000001000110000000000011100100000010011001011001001000001000
1010100010000000100100001101101000010010111101000011000000100100100101000000100101000100101000001000
1100101111000010011001000000000000010010001100110100011110001000110000100100110000001100000000000010
0000000110000001010000000100000111001000000000000010000000000001111011000000001000000110010000000000
0000001111000000000000000001000000010000101000010100011101001011100100000001100010000100000100010000
0011011111101010000001000100101110011000110110110110101000101000000011101110101110011011010101111011
0000011100100011000101010010101110001110001101110001101001001100111001000000001110010010000000001001
0000001100000100000000001000010000110010000001100000000000000100110000000000010001001000100100000010
0111000100010000010000101000110100000100000110000001111000000001100010000000011100011000000000000110
0000001000000100010000000000010000000110000000100000000000000001100000000000000100000000000000000000
0000000001101010001100000010000001000110011011001000001000000000010100011100010001110000000001100100
0000000000000000010000000000000001110110001000100000000000000001000101000000000000000010000100000000
1000010000000100010000110001001001001111000101100000001000000010110011010001000100101000000000000000
0100000001000010010000000101010000000000000000100010000000000000100110000000000000100000001100001000
0000000001000000100000100000000011000111100010100000001000000000100010000001000000100000100000000000
1011101111101110100010111011101001110101100010110111100101001011101100101100010010000001010010111011
0110001110001000001111111001100001101101100000010000111001000100011001001111010010011011100100010001
1000000000000110000000000000000001000001000000100000001000000001010001000000000100000000000000000000
0000000000000000000000000000000011000000000000100000000000000001010100000000000100000000000000000000
0110000000000011000000000101000001000000000010000000000000000000000110000000000000000000000000000000
0000000001000010010000000000000000000000000000000000000000000001011011000000000000000001000000000000
1111011100000100001011111011011010010011101011001001101000100111101011000111110011100110000101101100
0101101001000100110001100000001000001100100010100100010010100110101010010010101101000000000001110010
1000001010000001010110000100100011111001010000100001100001000000001010001110010110101001000000000000
1010001011000000000000001100000000010010000010000010000000010000000110001000100000001000000100000000
0000000000000000010000001001000000000011110011000000001000000000100010000000000000000001100100000000
0000001100101011010000001000100110100101011000001000011000001101110011110000010000000000101100000111
1000000000000101010000000100000001000000101000010000001000000001000010000000000000000000000100000000
1101000000001100000101011010001111100000010001000100000111000110100000000000000001100000000000001001
1010100000010010000000011110101011101000010100100010111011001001000000001010100000000010000110110010
0100001000100010001010010000000010000000011110001100000001010000000000000000000010001000000100010110
0010010101100100010000000100000000110000010001000001101001000100000010000000001000010011001001011101
0000000011011101010100000000100110000000010100110111100000000000010000010000010000000010011011011011
1000001001000000001000011001101000001000100100101001101010000001010010110010001000101000010110001110
0000110000000100010000000001101001111001111011011110000000000011000100110101000101011000101111110101
1000010000000011000000100010111011001000111110100000000001000010010100011001000000010000001110010101
1000100000100100001011001000010110100011101010010001000001001101110010010000000110011101000101100000
0000000001000011010000000001011000100000010001100000001000000001001101000000000100000000100100000000
0000000011000000100000000100000010011110110000010100000001000000101110110111100001000010110000001000
0000001000000000001000000011111000100000001001101000100000000001001010010010100100000000100100000001
0000000000000000010001000000011011100001001001000000000000000001111011000010000000000001110100000000
0000000000100000000100000000001101000001111101000000000100000001011000000000000001000000100000000000
0000011010100111011000011100000110100000110101010011000111100010001000011101110001000000100001011010
0010001111111110100111111110011000111111101011111011101110110011111010011100000100111110011110111001
1100100010000000110000100001111001010111110001000000010001110000101101000101001000000001111110000111
0000010000101000000000000000101010000001011001100000001000010001011100000000000000000000100000001000
0000000000000010110100100010100010010001000111010101001000000000111010000000000000100001100000010000
0011001000000011010010110110111100100001010010100010001000001000000010100100000001000111000000100001
1000000000000100010000000111000001011110101110010000001000000000111111000000000000000010101100000000
0000000001000000000000000000000000000000000000000000001000000001000100000000000000000000000000000000
0000000000000000000000000000010010000000000000100000000000000001010110000000000000000000000000000000
1000101001000010011000001010010010011100111111010000001000000000110011000000000100000000100100000000
