1110010010101100110010110001011101100100001001000111101001001000001001100010010000101110000000101010
0111111100001010011100001111100101100011000101100010101011000011000010011110111101101100011110011111
0110100110010010101100010101111001111000001101111110010000000100001000001101010101010110111110101100
0111111100011011110110000110101000010110001010010110110010000010111100100111000111001010100001011010
0001100101101000001101111101001100110001100100010110011001010010011000101110111000000001011111000011
1110010010011011001111010100011010010100100110010001101110111010011100111101110001000111111101100011
1111000010000001001001101010011000110001010110111010011011001101110000110000001100010100000100110010
1101001010110101001000101000110100011010110001111010111000011111101000110110111100111101000111010101
0010010010111100011000000000011110111101000001111111001000110110000100000111000011001101011111000000
0111001111110111011111110001011010100001001100000111010100101110100001001001111010111101110001111000
1001011001100011001010001100010100010100111001001011000100010110100111100001110110001111110111000100
0000010100001110001101011101101100110010100110100100111100001100111110000001110000000010101101011101
1001110001100000100010010110010010100100110100101100001001101101101010101010110010110011011001010101
1110000010000011011100111010111101110110101001011101001101011011011101101001011111110000001001100100
0110111001001000101111100010111010111100010010101001110011010000110011111011101010101001001101010011
1001000101011011100110000100000100101110101000101100110111101000110001111001000011001000011001110010
0111000100111001001101011000010010111001101011101010101000011111100010111111101010001100100111001111
1000110101011111111001101110010001111000111101001111101110010001110011100100011101011110011111111111
0001000101101111100100001110101001110001111010111011011000110100010100000010010100111000011010101110
1110000001100010011010110111101010000011001100000101111100010111000111010001000101110001001101011111
1001100000110000010110100001100100000101011100010111000001110110001100001011011011000011101110011010
1010001100011110011100000110111000110111011110110010111001111101101001011001000010000000010100111000
0001111000100010101000111110110000110100101111111100000010100001011111010101010010101101011101010001
1011100001010010010000011010100110001010101010110011100110100101110110010101111101010001110011010110
1000100111010110010101010100000111110010110010001000100110011001011010111011000000000011001001111000
0110000001001110000010111000001110110111101101101000010011011101110101100101000110001011001011001011
1101011000001000100000001010101000101111010100101110010100010100000000011111101111000001000000000000
0101111010001111111110010101110111100010011111110101010101001011000100010110100100100010111100010111
1101100001011101001100011100010101111010111111100001101010010001011100100010101100000011000101000100
1010010110001011110101111011111111101010010111110101010001100100001011101101111110110111111011111100
0100111000011001001111001011001111001001111011100100000101010001100111010011011111101001111100000010
1011110001110011011010010011011000011000110110001110000001111111010010100001010000111001010110010101
1000110100011100101010010000101011001000010000100101000101110100010011011111011100111001101000010000
0100110001010110000010010100011111011111010001110011110011010100101010000100101011000101010001000111
1011001001100101101101001110100110001000000011100010010111100100000111010110101000001101010111101001
1111001111100100011010100100000001011000010011011011110101101001001100000001111110000001110111110011
1010101101111111000111011011011111010110100011011100101011010111101001100011100111000000000010111011
1010010100111000000011110011100111000001010111100110001101010101010011111000100010010101101111110001
1011101010001110110011001001000010011000001000000111100001010110100100100000011000101111110101001010
0111011011111100111000000010100111001011110100110001100101111110000100011100101101111111110001110010
1011000000001010011100111100010111001110011100000101011010000100101001010010111101011111110011001110
1000101100100011101100011111110101010111010101010111110010110110010100010101010001110111101011111010
0010011110000011101100011111101001011010111101110101101100001100111111000100001000001010111101011011
0110110110000111011000000110001011101000101100110001011111001010011101100111010001111001111100101001
0100100000100101010100010010010001100111001010110110100101001100001010000101011011100000001010001010
1100111101001100010101110100110011110110001110110100101101010101010100011010101000100010010000111010
0111000010001001000000001101110010001000000100011111010001001001011000010000000111011010100000000000
0100001010111101001001101001010010100001000110100101000101100000010110111000000000100011100110111111
0000001001100000000010000000100000010101010010001000000100010000000100001000100000000000000010000000
0000110100100011011000101010010000010100001100100001100000001110000101100000101000000110100110000000
0011000110100010010010100000111000000100001000010101001100110000100000101010100000000000010010000000
0100100000101001000100101011000110010000010000000001100100001110100010100000100000000011010010000000
0110110100000001011000100100100111111000001100011001100011110000001010000000100000000000101100000000
0000001110100001000010100001000001010010110000000101000000110000100110101010100000000000110010000000
1000001110110001000010101000001011100001000010000000000010110000000100001110100000000000010000000000
1011000110000000011010101001001011100110000000010101000000110001100100001010100000000001011100000000
1001000100111000110000101001000000100100011000000001100111110001100010000000100000000010110010000000
