1011100100010101001011011110110101001000001101101011010001101011011001110000000010001010101010110000
1001001100101111010001110110000000100110011101111101001111101000011111111101000010011001111011101110
0100100111110001010001000111010011010111100000111010111000101110011101001001001011110011000110010111
0010011101101101100000011001101011000111010010011001000101010000101110010011001000001110011010001110
1000001111111011010011101001000011001100101000000100001001110101101100001010111111111101011010000101
1111001010110011000110010000001111001100111101001000000011010010010010111010111101111110100111111010
0000000000011110110010001111010111110110101111111100100000001110010011010100100001101000111000110110
1011111000000110100000010011101000110110100111101010111001111100111101001101010110110010100010101111
1001110001001011010010000000000101000111000110001101000110000011000110111100110000010010001111000101
0010001110011111011011001111001110101011011001111011101000100010011110011100000001011001111100011100
0101111010110001001011101110110110100010011101111000001010111010101010011100010000100101101111010011
1110110101001101001110111001110100001101001100001010010011110011111000101101110101010101101010001100
1110011110011011000111010010110101011011110000011110011011111000000110111110010001010000010001110100
0110000111101110101100111000010111000110111000100110001101000101010011111000110001111110001000010110
1001101110011001001101110100111111011000101100011001111111100111111000110100111011100101111000000100
1001110000001001010101011110101110010000111101100111110011000111001011011101010100010011100001000110
1010101100101011010101110011110001110010010100111101110111100110000001100011000011100001111110011010
0010000011000110000110100111001100111010011011001101111010000010010011001001111000100100001100001001
1101100001101010111001011000111110000101001111010000101110100110111101010000111000010011001101010100
0101000010111000011111111111110110100110111101010101101011101111110001001010111011111110001101001101
0111111110000010101100010101011001010111010111000100101100001000101100110100110001111011000111100000
1111001010010010111111101000101110000111111011111101010000110000100101010111110110111010010010000001
1001011001100110110011011101010110110001001111000100000111011001100100100000011000011011110010100111
0000001000111100010010110010111100001001010011001111010001010001001110001001110101110001101111111110
0100101001011111111101101010000011000111010000010011011101000011111100100000011111011010000111000100
1110111110000100001000011101100010011111001000100110010100011111001101111010000000101000100010111011
1001101100010010101010111101011011101101000101101101010001110000001110001001010100101011110100001001
1111101000110110111000111100111011110100011111100000010001010001111000101111011011100101110010001000
1110111100110011011111111101000100011000001010111101110110111100110110001110110101000000100101001011
0000000011000001011010010001011011001110101110000101111001110101001001010100010110000110110010111001
1111101101010111100101010110001100101111001101010110110100101010100101001000011111010110111011110011
1001110111111110111010100000000110111110101110010110001110101111100110000100000000110001000010101101
0001110110100001011001010011101101000100100101001101100101111010011100001111100111100010110001000101
1000001010011101110110101110001111101001000011110110111001001011111100110000001111100110010101101111
1001001000000111100101001110011011101001010011100000010011111111001101001011010011110111001111111110
1001110011001000010011100011111111100010000111110010000101001101110001001110010000110110101110011000
0011111001111111000010110100111110000010101110001110101110010011011101101100010111000000100000000001
1110100011001010101000011110110011010110011110100101110010110011110011011101101100111111111010110001
0111111101011110001001101000011000000010101010011101010100011010010111010000100111000101010100000101
1111101000001011000110000001111011011010011111011101111100000011010101111000101101100100011000010010
1110000100110100110010101000101110010100111011111000000110101000100001101100011010111001010111010010
1100010110111001100100001000000010000111100011100111100000010110111111000110110101011000000100111100
0000010111001111100101101001100001010100110101110101001101101010001011100100110110000010110001001000
1110110001001000101000001101000001100011010101001001010111000101110001110100010000101100101101110101
0100000001001001110100001001011111011010001101011110000111010000111000000100000111111010100000000110
0111101111111011010110000101101011101001111000011110000000011010000111111111100000001001111100100000
1001010011101000000100100100101000011111000110111010100010011110010111110100010011010000010011110101
0100010010100001011101110011010011001100111010011011110111011110100110011001010100110110101111010010
1010001000111001110000110101011100011001010110010111001011110011110011110101001100111100001111010111
1000010100110000110111101101100100101101010001100010111100000111000010001100100101101000000010011000
0000000011010010110100111000100011110011011111111001101101100100010000001010111100100101101111111000
1010101111111111101111111010101110101000100110011110111011111010100001011101100010111001101001101100
1010100001101001001010101010110011101010010010101110001110111110001101100100100000000110100010111100
0010000010011101001101001011001010010011100100001111110010000010101110111111101100010101110110000000
0000010100001010100000100100011100001010000111101011100111111011101100011101101000101001000001101001
0101101101000000100100110000000110100011110101100101110101110000110101000100100110000101011101010110
0101111110101110110001000001011011010101011100010001011000001110110110101100000101111100101010010011
1101101110011011111111000100110010101011011101110101000011011011010111001011001000011101000110110010
0100001100011101000001100100011011100001001010000001111000101110100010111110011001001010100001000111
1000011101101000111111001100001100011101111011111110011100001111010100001000010110010000100101000110
0111011100111101100010010011111010111100101110111101100010111100110001111000111011001101110011110001
1000110001000001011011111100111110101101011110010000111011101100101100100110101110011101111011110000
0100001011110001111110111101011101101101001011011010010010100101000010111100011010001110110011111110
0101111101110100011111100001000100110101111010000111111111011100100111010110111100101111011101101011
1000010111001101111101001000100001001101110111100101011000101001001101111001001010100111011100101111
1000110010110100011111011010001000010100011101010110101101110000010011011101101101100010011001111001
0011000001010111001011011111011110111010000100001000111101001101111011010100110100011010100000010011
0101000000101001101001011010011001101000110101100010010110101001101000011101101101001100011000000000
0111011110001001010011100100101101100110001111100101101011100101011110010110011010100010011111101111
1110001101011011010101010101011101101010001010100001111000101010100100111000011110101010100011101100
0101100111101111100111011010111110111010110110000011110101010001100101011011110000100000111011001000
0000010000101100100101011100011110110011110111101111110100100011110111101101100111000001011001001000
0011100000100111100111000110011011010111100011101000110110000001100111101011010010100011110101000001
0011110101001111011101001010100101100010110111001000010111100100111000010101100101001001010100000000
1011101101001100101000010110000110110010110100000010101000101110110101000111000001111111111000100101
0101001110110101010001000000011000010000100000000101100111101010110111000011110010010111100110010100
1011111001101111000011010100110111001010000110100111101011101001111001011111101000000100001100100110
1110110010110000011100001100110110100000000001110001001110001011000111010011110110111011010101111110
0010001101101010010000011000111111101010001110101111011011010111110110001111111010000010100011111101
1001110111001011100101000000111011101001011000000111000100001000101011011110100110011101111000001101
1010101001010111000001000111100000111100100100000010000001100000001011010010101110111011100011110011
0001000010010101011000010101110111100011101010011011101001011101011100111001000001001010000001111100
1011010111011100110100100111000011001000101101011010010101011000100110000001111101100110110000100111
0111101101110111001101101010111100000111101100100011011101101110000111000100110100100110001001001001
1111101001100000111001101001011001101010011000100100110100000011111001010101000011101110011101111101
0001011010011111010011101111111001011011110011000100011100101001101001001100000000100001000001011100
0111110001100010111000011010110001010011110101111010000111100001010000110110100000100111011010110110
1110100101011111101100110001110001101001011101101011110111001011110111111101001110100111100100010111
1011101100110110011100001001101101100000110111010000010110000001010100110011000111000100111100100010
0010000001110101101011101000100111000000000100000011010110111011100101110000110100010111100000000001
0110110100110100101111001000000000001100011100001000100110111111110011010011011000011001110001011101
0101101101000011001100010101110101101000010100110010000101011110001011100010100001100100001001100000
1100010110001100111100011010011001001100110001011000000111000010000110100011011100110111110010011111
1110100101101100010010101101100111011100010010011011111001101110011011001101110100000000001101010000
1100110001001000000111111001000011011011111011000011101101001010101110100000111010000000100001111011
1011111001000011101101001111101101100101010100111101010011010000011001100110111010101110001110011001
0111111101001011110100110101101010010110001000011000101100001011010101110100000010010000111100010000
1100010100101100101111111000000111000100110101011101000011010100010100000101101111010110011100110000
1101111101101011100001100100000000010111010010011010100000111000111010100111011100010000010000101001
1011110110000010110100101011011101000001101001011101111001010100000000101010100011100001111010111111
1110001010011001001001001011101011011011000010010111000011111100100101010011100111011011111110000000
1000100111100111011111000010000101100101000101000110101001111000110010011100110110001000010011010101
0101011100010110010101011011100100111111011111001011111100101011111111111110101000100000111100100111
1111100001110010000101101010011011101001100111111101101100100110110001001011000001011110100111111100
0100010001101010101100001101110100010011100101000111110001000111000100110101010011110111010100001100
1010111101100000010011100000011100110000101010000111011111110101110001011111111001000010101001101111
0011111111001110110111100001110000011000010101110011011000000001000110101011100001110011101001101100
1110010010000010010101111001110011101011010100011010000000011100000101111011100010010100100110011010
1011110110100000001101000010000010110010001001100010001100111010111100101101001101100000100101101100
0011111001000101111001001111001000100000111011000111101000010100101111110000100101000100110010101100
0010011110100010101110110111110101110000001000001011010101101001000001111111110000101011011101110110
0000011010000100011010111001100111011111001000010011111111111010100000001010110001100110101001111111
1010101011100100111110100110100100111100100110110111110101101011000111010011011000100000101010111101
1111000010011100010110000110011100011000111010100100101110000011100001010101010111100110110000101100
1000001110110101111010000010101001101101000101100110111001101010101111111001000010000100110000000111
1001000100001011111010011000011011001000101010001110011101111011010001100001110010000000100010110111
0110111110110011011100010011100000000011101010111000110010011011100101110011110010111110001001101100
0100010000010110010010111011100010110011100101110110000101000100010101010110101010011101000100110110
0010101010111001100000010111100111101000011111100000001100010101011101100000100011000100011100101101
1000010011100100000001000010100110100001011111010000010110001101001100110000101110010001000101111100
0001000100011101001101100111111011101111001111011000011001101111000110110001111001101000010111011000
1100001110001000011100100011111001010100011101101110111011110011000010011100101010001100001110111101
1111100001001110011011101101011001000001111001001101110000111001110001111100011111011110011100110011
0111111001010110101011110100001110110101001110001001100010010100011001101110001101111111010111100110
0110010001111100101111101110101100000111101001100101100111010111110011001001011111110000100101110101
1111111101011010010000101001011100100100010011110000010110000110101110110001000011110001001011110000
1111100100001111001101000110101011000110000100101001111100010101111100100001100100111011000100001010
0110010011111011100011011001000001100001110001111101111001100100111000011010111101111010100010111010
0111001111101010110101101001101111011101101000010110000010111010000001111010111101111010001101101011
0110011001110111000010001111010101111000100011011010000100110100000011100001000010100000110100100010
1010101111101100101101001111110101000110000101100111101001101000100111001111010010011010011001011001
1111110001010011001110110111000101111001001001000001001011000011011011100101001101110100100100000111
1000100010101100101100000010000001000101011110000000110000001001111111001000011100001010000101111100
1010010000010000001100110110001001000100100100001011011101101001001101000011101010001100010100001001
1001000011111000110110001001010000100011110100011000111010010100010100010001000111101101111001110100
1101001000010111110111011001010110100110111111100100010111101110111011110001101010110110110100101111
0100000111000101010001011010010111000011100111111100101101001111100000101111101110011011011011000000
0011010000101011101101100000011100000000111111101011101001001101110101100011000001100110101111000011
0010111000101001100011110010111101111011001101011100100111001010011100111101011100010111001001110101
0010010110001100011111001010110101100000101001101000010100111010101011110010010100111000100111001100
0001101100101111001100001011110101100001101010011111010000101010111011000111110011110110010111010110
1100011101001100000101011110000011000101001111010100011000011101010011111100101000010110010000100110
0000111001110010101010111101100100111001101101010001010111101011111010101101101010110000011110110000
0001100001100000101111000101001111110001001010101100001010010100010000110111010010000000100100101001
0011001011011111001100111011101011010001100100110101001110001000111110000111000010110111100011001100
0111111011111000110000101100001001110000100011110111101100000100110101111100011001111111111010011101
1100100001000010011011110010011101011101100011011110011000010110111000010011100110001011010001001111
1101110010110011010111000101001000110001000100011011111100111111011001111010010001001101101100010100
0010011100110110101111101010111111110000000101100010110011001010011111000000101010111001100001000011
0101001110001001010111111010010001100101011101010011001100101001111111110100100100100011011101001010
0001001101110010101101011101010010100010001000101000100001100101001010011101101111001111101110011111
0111000011100111000001111011010101010010100011000100110101101010010000101100101010110010010101100000
0100100110011100010001110010011000100010100000000011101011100100100011101111111110011101110100101111
1011101111101100110011101111101011000100110000000001001101011110111101101101100010101101101000100110
0010101010000000110101111001101011110111100011000111111111010011001001011001000111111001101110011101
0010000111101100100111001011111110010111110001001010010111001100100010110000110111011110101001001000
0010010001001011011100011100010110100110010011000010110111101010100011110001110101101100011001101000
1001100100010100010111101100000000000110000010011010111111101000110110001001011001001100010011000110
1001111101010011001111010101010111011110010100110010010101011001000101100100001011010100000010001110
0010001000000001000000110011011011000000001101011101010110010001110111001001000000011010110000000000
0110010001100010110011000011111111100100111111101000111100110101110011010110011000000000101011100111
