0000001001000110000001111011101001010000111101001110000010100111001111101010010100000000111001110001
0111101100111000001011111000101110001011100010011111100111010011111111010010001111111001100000011000
1011010110101111101001101011001111111010110101110111001010001100000011000110001011010011011011010001
0001000110101111010010100011111110011001010000100111001000000110101001111101110011100110011010001100
1011101110001100111011001111011110111001001010010001110101011101010110110110010100011011011000001010
1110010110101111010110101010010101100110110110101111010001100001011110000111101110010111101111101100
0100010101011101001010100001110011110100011010001010011101110011101100110100101101001111101110011001
1001011110110000011110100011100100001000110111101101001110111100000110000010000010101100110110100101
1010001011010001110111100101100111110100001111110011000110000101110001001000100000100101000000111000
1101010111110010001011111111010101001110010011100101011110111110001110100111001100011000010111001111
1111000100010000101001100111111111100001000101000101010010111000000011001110011011001010111100010110
1111111010101111010001110110100111101111011100001111101111100001110110111011000000101111110001000001
1110011001110111110010010000100100000010001100010111111110000111011101011101101000011000010101110011
0101111100111110011101111100001110110101111110111110001111100011110000011001110010000101101011100111
1100101010011100010101010110100100010100100000100001011000011011101111101001101101011010001101000000
1111000001000010100100111101111101111111000111010010100001011100000100000111111110100110011111001111
0111000000011110010010000001011111110100101010111100100111010110000110010111010111101001110011100110
0111100111100101010100111111111000110001111000100010010010010110111010010100011000110100010010000111
0101111111110011010010000101100111111101110011101101001010011111001000000110011000100111000111101001
1011001100111010000101110010000111001010100100111101101011111110110000100001010011010110000101100100
1101111000100011010101111001111011000111110111100100110000000010000101011011101010000010011110110101
0110010000101011110111100001000100100000101001100010001100011010010010110011100001100000110011001100
0010001110101111010110000101111101101011101110000011001110000101001001110111110000110011001010101111
0000000100000110100100001100100101000111100001101111000111101000011101110100110101010110111011111011
0011000101101011101101010000100011010011010010100111111001010101010011010010100011011001111001000011
1101110011100010111001011010100001100100100100101010010011110000110010111101101000100101100000000011
0111111010110100001000000010110101011000101100000010111101011101011111111000001100101001101110100100
1111000110010010011010100000001010100110100100011111100100110100000100110101110000100110100000000000
0110001010101010011100101001000100011001111101101011000110010110000001000101001101001000110111101001
0100100011100110001101001001111111101011110111110101110100010110000110010010011011100011010111111001
1000011110001101010111001100100000001101101001100101100010101100110100011001110000100101100010011011
1011001110111101100001011101010101110001000000001011101001001000000101111101011011101010000010110101
1101110100100110011001001101011001111110110010000010100111000110010110010110001000000100010100010101
1100010000101000001100110111111000110100011111111101010010100010001100010000000010100111010001110110
0010111010010000001101001010101110011101110110000101011100010111110100100011110100110001111010101001
0011110001111110111100001010001100000101101110100010100100000110010001110100100011011011011111110100
0000000010000010101011011010000110001000011011011110001100101001011110111000001110101110010100001110
1101011111100011000001000110110111100101100101111000011010010101111000110101010011100110100100000011
1100111000101110011011101001100100101100011111111111001010101010010101111110001011110011111011111001
1100100011001010100011011101110100011010010110001101001111010111100100001001101010001111001100100100
1011110100111111110011101101010000111011001000011010011111010010001000100110000000011001110110100110
0000001011101010100001110000011100001011000101010100011001011000000010101111010100010110000000000010
1101111101111001100101101100111011001010101111110000101100101000101101111101100000010100010010111011
1000000111011011000011100001011000110100111000010000001000110100000110110010110110111000000110010010
0111101001010110011100110101110010000001000111001001111101110111000010101111110111001101111100111001
0001000110111100110011110000101111110000111000011100001010001110001100010100100111100100100001010111
1001000100100001001000100100000000110010001111110011100100000000111111000100011111101010110001110001
1101001010001010101000010011001110110011111000111111110000000011101001010100000101111101101001010001
1100100110101001000010111010110011110111000001111111000000011010001111010000100110011011100001010111
0010101001000100111100010011011100111011101111100001000100011000001100010010111011010000011000101001
0010011000001000001000110010001000110100110111010011111011101010111000001010100011110111000010000100
0001110011000010111101000100001110101011001010100101111011011001101010100111000010101001000010001010
0111011001100001001010010000111110101110101100100001110101110111001000010011011000010100010011101110
0101000000011000010000011000001000000100000100011000011000010100100011100110100110011011001010111000
1111010110110101000100000100111100100110111010100100011010000011101001001011011011110000100100011011
0110011001010001010100111011001000000100100110110001111011100110110011000111100111000111001100100101
0000100100101010010100110010110000010100000001011100110110010001011100110111001010110010011110100010
0100110101101101100101010101011110000011111101110010110000011011101100101011001111011100010101011100
0001000000000000000000011000000000000001000000000000000000000000000000000000000000000000000000000000
0111011010101101111001100111001001101100111111010011000101010111000100000111000000010000001010111010
